7
0
1
0
7
0
1
1
7
1
1
2
7
1
1
3
7
2
1
4
7
2
1
5
7
3
1
6
7
3
2
0
7
4
2
1
7
4
2
2
7
5
2
3
7
5
2
4
7
6
2
5
7
6
2
6
8
0
3
0
8
0
3
1
8
1
3
2
8
1
3
3
8
2
3
4
8
2
3
5
8
3
3
6
8
3
4
0
8
4
4
1
8
4
4
2
8
5
4
3
8
5
4
4
8
6
4
5
8
6
4
6
0
0
5
0
0
0
5
1
0
1
5
2
0
1
5
3
6
0
7
0
6
0
7
1
6
1
7
2
6
1
7
3
6
2
7
4
6
2
7
5
6
3
7
6
6
3
8
0
6
4
8
1
6
4
8
2
6
5
8
3
6
5
8
4
6
6
8
5
6
6
8
6
5
4
0
0
5
4
0
1
0
2
6
0
0
2
6
1
0
3
6
2
0
3
6
3
0
4
6
4
0
4
6
5
0
5
6
6
0
5
5
4
5
5
0
2
5
5
0
3
5
6
0
4
5
6
0
5
0
6
5
5
0
6
5
6